SEASON 1
treated
[488.0, 541.0, 494.0, 536.0, 417.0, 471.0, 421.0, 476.0, 571.0, 486.0, 399.0, 396.0, 450.0, 551.0, 582.0, 455.0, 595.0, 517.0, 395.0, 521.0, 395.0, 582.0, 470.0, 482.0, 493.0, 424.0, 418.0, 538.0, 572.0, 464.0, 416.0, 584.0, 587.0, 534.0, 453.0, 522.0, 541.0, 425.0, 480.0, 583.0, 442.0, 444.0, 493.0, 573.0, 516.0, 462.0, 542.0, 480.0, 495.0, 595.0]
untreated
[458.0, 583.0, 478.0, 562.0, 577.0, 399.0, 416.0, 391.0, 558.0, 485.0, 507.0, 432.0, 397.0, 522.0, 558.0, 493.0, 507.0, 417.0, 547.0, 560.0, 484.0, 404.0, 502.0, 532.0, 574.0, 501.0, 403.0, 557.0, 451.0, 490.0, 426.0, 391.0, 522.0, 562.0, 520.0, 431.0, 537.0, 527.0, 511.0, 396.0, 462.0, 473.0, 408.0, 447.0, 409.0, 553.0, 499.0, 486.0, 467.0, 558.0]
SEASON 2
treated
[455.0, 435.0, 543.0, 469.0, 503.0, 458.0, 467.0, 433.0, 587.0, 422.0, 524.0, 448.0, 513.0, 416.0, 600.0, 567.0, 419.0, 540.0, 532.0, 587.0, 506.0, 466.0, 584.0, 615.0, 606.0, 487.0, 561.0, 489.0, 577.0, 615.0, 490.0, 607.0, 481.0, 523.0, 560.0, 541.0, 428.0, 596.0, 439.0, 566.0, 551.0, 440.0, 426.0, 472.0, 514.0, 431.0, 610.0, 582.0, 598.0, 540.0]
untreated
[436.0, 512.0, 523.0, 444.0, 394.0, 508.0, 457.0, 396.0, 540.0, 502.0, 438.0, 492.0, 523.0, 517.0, 471.0, 395.0, 532.0, 400.0, 466.0, 497.0, 421.0, 502.0, 414.0, 483.0, 434.0, 408.0, 557.0, 527.0, 467.0, 570.0, 440.0, 459.0, 532.0, 402.0, 441.0, 519.0, 550.0, 477.0, 545.0, 434.0, 544.0, 558.0, 521.0, 510.0, 564.0, 405.0, 511.0, 506.0, 422.0, 413.0]
